T1 = 0.45;
% T2_1 = 0.8*1.35;
T2 = 1.35;
T2_1 = 1.2*1.35;
T = T1/2;
d1 = exp(-T/T1);
d2 = exp(-T/T2);
q0 = 18;