k0 = 0.25; 
k1 = 1;
a0 = 2;
a1 = 4;
b0 = 3;
b1 = 2;
theta = [k0 - a0; k1 - a1; b0; b1];
A0 = [-k1 1; -k0 0];
A = [-a1 1; -a0 0];
b = [b1; b0];